24793
239
12399
2064
6225
24580
14577
17520
25916
5712
1141
705
4423
12937
6645
24704
3909
5902
17667
1887
4620
576
18219
27863
18309
932
363
8274
23035
593
16205
16032
13955
2139
10861
4046
15921
15688
16320
24852
10071
18069
3008
15129
15451
1540
25109
1906
13515
27645
13117
1106
26060
5871
25233
3760
27040
24563
16545
10353
856
11888
4550
27650
15418
28385
25788
3149
16676
11575
25132
2555
17286
26239
16291
372
13414
5943
13618
23082
144
13028
18165
28509
24963
16085
7604
10124
2390
11342
6115
3524
26517
10078
9615
4702
23841
24693
2117
17804
28091
13541
15844
18251
1157
15766
17988
29031
23352
24451
18101
24587
18285
18144
1550
14579
23633
28999
13929
15456
16632
5048
28546
21223
11676
14678
17571
1561
22255
2592
17636
8757
28871
6301
370
15268
23600
25010
15290
25096
69
5568
27741
8794
5571
26637
17894
5391
16341
24955
24523
27827
20074
25111
25170
20456
1893
24371
26108
29138
26076
24853
14435
865
16274
18036
6887
17572
26358
16139
25322
26372
28814
1978
1172
12215
561
3847
16427
25666
22492
15505
7893
23154
24982
14153
21922
27908
23846
25810
15737
2020
18102
24004
17798
24967
28140
27858
27061
25118
26321
8383
16203
578
25717
15097
26086
14287
26115
16952
17691
17138
16137
3581
17642
17122
1909
5665
7910
11218
27086
18298
1360
5050
18263
13936
3080
25332
24421
16283
15953
24511
17251
26033
10669
28017
8640
23329
27298
15227
26102
26514
24283
16242
6705
26780
125
23267
3454
27484
9848
10720
14198
4664
13333
8509
27644
26385
15180
13070
25309
26046
27367
26672
24599
24350
17526
20755
16991
8740
27150
11341
28818
14839
26596
26356
12045
25129
26221
13698
11520
986
24206
25374
16445
28028
26424
28099
27212
26357
21810
26589
9892
25934
18117
28587
14174
27004
28530
6348
28373
7880
23159
6957
3441
24604
17672
17410
28280
16421
18087
27518
14966
12818
28179
1198
25052
22968
4309
28642
25149
24459
18214
25114
22408
16687
27030
24713
16041
26561
9397
26626
16167
11753
26948
27524
15665
26955
29035
19743
19876
23873
28925
25695
27210
27830
8415
26704
25664
15954
22974
26802
17974
29011
8754
11209
11924
15853
24372
18310
25967
406
27935
25321
27525
29139
26088
17461
27692
16649
4454
28539
24232
4789
4472
26328
26814
26461
25953
1950
906
17404
652
26543
28547
22694
17973
26534
10539
28965
15711
1992
27196
27455
16224
27984
25236
26103
26334
27067
24553
23031
16561
15782
25555
28397
27772
27416
28379
19390
25822
27734
13069
10969
17014
16639
16650
17900
28934
15593
16659
25806
27854
14333
27614
26219
26919
26576
23514
26323
23866
24686
26565
14077
10869
26694
8512
21017
25857
7587
1226
26776
1269
27785
22643
22468
15331
27229
4291
22563
8403
17226
17774
28427
26097
27617
26159
27799
26604
28461
16185
16084
28039
18012
5951
14681
5838
27287
14409
24414
17392
27397
8311
3279
27337
17269
16622
25989
17996
28988
26446
11120
17945
27062
15443
27423
28068
22846
28677
18355
26123
20069
28004
25702
27429
25719
18311
16547
26416
4042
27305
16617
16381
11904
27068
28513
28568
25893
4859
6255
28441
18349
26421
24449
24931
13081
27932
27511
7783
18177
13427
28399
6383
28498
26806
17628
8556
28950
22354
17049
26790
16429
17885
26347
28018
28285
28269
1527
17554
28468
28153
28421
8354
27403
28833
25027
27005
28519
26073
28836
27320
14005
28762
27479
15734
26573
4756
28538
8215
16151
17159
27801
24848
13916
24096
7309
6497
27382
17856
8592
17994
23824
12333
26881
15932
14296
27206
27198
6482
17958
27680
27647
26520
25006
28570
24950
17048
24324
25901
7953
25110
17207
10657
6669
27627
16693
10494
12566
25115
14262
27316
28311
29198
5197
24655
17266
26350
27207
23771
26535
26982
3315
15796
27464
17513
16404
7505
3057
25866
17510
744
15951
26801
18206
28901
27473
24499
6174
28281
26077
5722
13927
25710
23430
18317
24388
24034
28211
17947
29214
17984
28989
17573
7146
26395
28035
26474
27209
16426
28194
28782
18336
28038
4737
27197
16187
373
4079
26177
13704
28452
8784
5476
26810
15036
14445
3234
28491
7008
16544
28633
27355
28476
27263
27054
27911
29141
3767
328
17776
26250
27698
28056
28296
29045
7226
27732
27454
28737
15317
28817
27722
444
17745
4975
26451
14933
26652
27844
4426
5594
27457
18244
26809
27301
24469
6013
27513
6023
16368
29283
15319
24759
27313
11852
13546
8325
27910
25062
2767
12674
28467
26771
21193
26661
29154
26355
9376
5549
5826
29028
5455
27942
15655
4228
6366
16569
28212
6968
26754
10397
25783
12301
28892
2712
9430
26784
12890
24591
1861
12140
993
26215
9573
3139
3350
25624
28290
5804
25801
28482
25362
26800
21629
11641
18208
1505
21200
17433
24598
2936
28275
5217
25326
26965
9995
17302
801
3912
21628
28278
27130
26864
14762
17098
29037
17468
13857
26896
27264
22487
27712
5010
8879
27783
17469
28229
26823
2794
9335
27294
1445
26427
28940
8218
27983
28279
26916
11698
5952
27544
17189
24864
28874
25774
9734
18250
26540
6881
28618
23034
17845
27793
27375
14690
26642
11640
8418
24839
16034
14913
15993
16483
28696
7228
25779
17538
7646
26908
2896
16089
24512
15767
26831
27440
27274
28606
17620
26417
5788
29051
28558
21215
18190
29026
27029
14426
28151
26004
26839
17621
27859
20635
24813
6444
27446
5428
20856
29041
24397
24518
24741
28270
26467
26987
29029
17727
14022
4915
18327
24691
26915
29032
19464
27790
24605
28344
27250
2445
28265
12020
9195
9124
28161
26228
9462
16312
25658
28176
3379
7441
6292
26588
24652
3137
27303
29252
18377
26335
17408
26051
28661
9451
16033
6412
29133
3160
27477
28510
12913
