RGB (204, 51, 51)
RGB (221, 68, 119)
RGB (153, 68, 153)
RGB (102, 51, 204)
RGB (51, 102, 153)
RGB (51, 102, 204)
RGB (34, 170, 153)
RGB (50, 146, 98)
RGB (16, 150, 24)
RGB (102, 170, 0)
RGB (170, 170, 17)
RGB (214, 174, 0)
RGB (238, 136, 0)
RGB (221, 85, 17)
RGB (168, 112, 112)
RGB (140, 109, 140)
RGB (98, 116, 135)
RGB (112, 131, 168)
RGB (92, 141, 135)
RGB (137, 137, 81)
RGB (176, 139, 89)
RGB (159, 53, 1)
RGB (138, 45, 56)
RGB (150, 33, 129)
RGB (64, 33, 117)
RGB (48, 72, 126)
RGB (24, 33, 134)
RGB (31, 117, 60)
RGB (61, 130, 21)
RGB (90, 154, 8)
RGB (129, 145, 11)
RGB (157, 112, 0)
RGB (170, 90, 0)
RGB (141, 69, 0)
RGB (116, 53, 0)
RGB (135, 11, 80)
RGB (112, 35, 127)
RGB (37, 97, 125)
RGB (81, 81, 81)
RGB (34, 127, 99)
RGB (165, 145, 20)
RGB (135, 17, 17)
