100064
100085
105624
103238
100382
102891
103249
200914
104906
103001
105793
105920
106322
201649
101266
102050
103376
201376
103642
100558
100942
106210
100490
103951
104567
106237
200087
100252
101036
103780
100914
104017
101032
100889
103870
200317
104172
100158
100455
105133
102289
100460
103125
104939
100599
200732
102988
100972
101361
106510
104242
101609
101808
102730
102104
104997
100231
201131
102572
201279
102998
104784
100465
100811
104671
101066
201496
103678
100229
105970
201130
101761
103855
104430
103136
106532
101249
105822
100340
101636
106875
103623
106425
105307
106423
201076
100249
200876
200591
101039
100908
201129
100051
104683
200899
100273
201370
105411
100878
201385
104216
104578
105951
101595
106799
103114
103713
103129
102487
102488
101209
200258
101751
200419
103397
103182
101144
201239
102901
101317
104060
103305
100153
103778
101565
100076
106169
104234
101346
105827
200403
102253
105056
105330
106499
101931
105607
200143
102698
103811
105535
201314
106284
105795
101780
201035
100016
200887
103583
100065
104819
103016
105721
106466
100941
102553
103302
102942
104159
102211
200548
101213
102466
106155
100001
100196
104399
100819
106388
102731
105856
201168
104974
100786
101494
200234
103272
106164
201186
201009
104042
104408
100649
104003
101785
104730
102761
101647
100413
100248
103661
101215
200133
101593
104104
100005
102614
100082
100801
103829
104392
100794
100880
100100
105452
104441
106467
100970
103807
200418
100397
201384
105454
104824
102962
105826
104928
106130
102900
106227
102343
100072
200247
100518
201501
104725
105436
106040
103714
102705
101223
100188
102056
101242
100426
105971
201141
103549
104437
104102
100738
103915
103225
100974
101252
103377
104936
200957
105559
103845
104876
101639
100362
102491
201341
103999
200615
100316
100958
105812
104351
104516
101267
102710
100031
200892
104889
101205
101149
106149
200895
104591
102227
102893
100174
103964
104890
201073
101053
106158
104495
201256
104116
100271
101501
100026
100034
200970
103605
104538
101905
200573
104372
100444
105774
201483
101911
101248
100038
101485
105926
102473
102080
100776
103718
102401
101245
105955
102047
102552
102656
100588
103799
101656
100367
102735
104228
100532
201149
100056
100725
103673
101350
101065
102146
104811
104688
101202
103700
104833
104327
105520
103365
104337
104389
105527
103696
201482
103657
103089
200610
100697
106770
106393
106051
105260
105896
105447
101800
100281
104595
105428
101873
201337
201487
104945
105691
103219
104404
200261
105134
103178
100421
101218
106175
103029
102063
100913
102903
100569
105942
100854
102195
106494
103175
106870
105556
103483
105921
201356
103392
105261
200458
104297
105459
101475
201333
101217
101335
105648
103564
201359
102929
102709
100258
100467
103782
201228
102657
104356
104802
102086
102229
100466
101650
101154
201360
104949
102535
103335
103598
101500
103750
106068
102242
100344
105975
102813
200144
200602
200460
102065
100865
101134
106833
200768
103563
100500
104561
105081
101762
105438
102434
100035
103137
101461
101605
101790
104864
101770
100670
103921
101160
100102
106792
104955
102716
201162
100562
106275
103710
106145
103072
100245
201028
101338
201294
106166
104028
100301
102660
200531
201269
200600
101515
201138
100728
105519
104510
100724
102666
100594
101122
106596
200577
101449
200844
106472
103375
105879
105634
100262
101768
201601
101959
103185
101077
201353
101591
104383
101225
103947
100506
201139
102458
200490
201085
100873
104378
104333
102237
104822
100740
102051
100808
105954
104038
100642
100544
104065
101928
106129
200149
200592
200779
201173
102057
101126
104057
200145
104901
201354
106590
105082
100380
100754
100729
101207
100220
105909
103132
105483
104850
100577
201456
200894
104636
105632
105060
103875
100583
100060
104881
200756
103664
106551
105887
101456
101232
104188
105107
102347
104118
100010
100334
200888
201390
100976
100130
200474
200113
103300
104331
103237
201271
101083
105457
101626
100731
102441
103851
104034
102529
100950
100548
201227
106156
105405
105526
105429
104376
100057
103426
100203
104108
102531
104052
102235
101199
102704
100044
106514
100720
101766
101341
103306
201212
201183
100216
100251
201199
103152
102106
200749
103920
100652
201258
100536
106136
103636
105404
101592
106502
102061
102335
103608
104422
105727
101198
100018
106143
101355
101963
102886
100916
101368
103681
103263
200502
106859
101158
104225
201366
102247
103952
100817
103772
101339
100535
103705
104454
101386
104375
103803
102917
201379
104084
100049
102141
106174
101940
104361
106608
100126
106786
101022
104061
200950
200424
100400
104951
102461
102200
105950
200484
101265
101607
100083
103393
103894
100299
103755
200240
103515
101926
100940
104260
104093
200259
106414
100118
101621
105939
101477
100343
100685
100259
102630
100671
100590
100459
104410
201160
105313
103744
103656
100469
103183
101655
200605
104027
106127
101643
103687
100983
100798
101327
103670
105678
100704
200308
101921
100947
105914
100478
100576
106864
200162
105577
104380
100712
102555
100959
201339
104400
100806
100981
106533
102782
106165
100621
105831
100036
200058
101981
101916
105327
104970
101980
100193
103954
102315
105832
104425
101677
100597
104805
201277
102455
103804
200148
103221
106108
104720
104972
100331
100450
103227
201348
100623
104382
201260
106248
104229
102695
102961
100640
201621
100404
100062
102293
103181
103301
100260
102112
101075
102395
105558
105371
200619
104103
100825
201037
104550
104329
105925
106081
100087
106362
100079
100468
104916
103944
102420
103622
105740
102582
100198
101354
104352
200971
201036
201286
104585
103455
101481
106013
100427
101455
106501
100952
104026
105943
106886
106484
201410
105726
103864
101598
100572
104265
101754
100132
105356
100133
103631
100505
100689
101246
100063
102678
101260
100141
104235
200564
104954
100386
104117
100351
101564
102577
201300
100059
100563
201323
100105
101243
103243
105602
105860
103766
105786
102344
104412
103848
200553
103239
100388
102493
104330
101269
200570
106838
201261
100070
104599
201259
104094
105807
102999
103902
201251
104517
104566
101041
101121
104863
104569
100207
200402
201257
100694
105343
100552
104976
104491
100226
200576
102349
100236
100093
101247
200223
100274
103743
201642
200898
102948
106306
103087
104806
101744
100631
104343
100191
105476
104689
103773
100965
102443
100556
105266
105211
100945
100579
101821
103022
106508
104508
100710
105944
201245
100746
102460
104767
100109
100374
103248
101130
200769
103599
101221
100045
101907
100033
100796
102867
104934
105563
100823
100496
106105
103479
100566
104439
103601
101781
103121
100824
105086
103792
100117
201304
102772
102947
200056
104164
106311
100230
104302
104993
100875
105478
200290
200625
100227
101054
101798
100156
106496
106505
105677
104124
200857
100025
101050
102334
103826
106435
101365
104893
106154
104736
106007
102946
103140
104452
105214
100322
105872
102411
101118
100211
105977
102223
100163
106445
105306
105941
104719
104542
101343
106027
101786
103632
104315
102224
103030
105236
101909
100457
104321
201374
104509
100315
105461
105574
200639
105339
103739
100707
104258
103735
102273
103401
100648
104711
100294
105432
102087
104411
102239
200903
104135
102492
106436
105778
200401
100545
104828
103493
106609
201240
200432
104848
106069
101514
105318
103160
106140
100820
100980
200516
102925
103298
100359
101470
104548
105621
100816
200276
105876
105889
100028
101645
104883
100719
201289
106858
200366
102290
102985
103569
100510
103367
100143
104733
106103
100250
101828
101060
200318
101138
103787
100081
105803
106120
104202
104266
106422
100215
101051
100416
101360
100617
201386
105239
103400
104032
105932
100662
105021
103722
200559
201648
101820
103611
106173
103214
104397
104728
102470
100357
103023
201414
100516
100956
106822
104059
104217
100168
100960
100039
101216
103992
106914
100134
100902
101756
102199
100593
106380
100777
201432
201309
101214
201132
101906
101646
200302
200900
105811
102580
105738
105966
105969
102213
102058
201377
200915
105403
103701
106519
102336
101897
104012
100381
103886
101351
103858
100473
100052
101026
100716
106520
103172
103873
101502
100749
103168
104666
106503
102201
104062
105952
103220
102217
103489
106384
103619
201088
105861
100619
100354
101376
105850
105662
101750
102616
106724
102078
102292
100717
103850
103561
102252
101029
100911
106883
100017
106133
102909
102737
101059
103797
106531
104079
101254
104603
100586
101211
101757
105427
101062
100651
100041
104323
101388
105928
201267
105303
101107
105927
105912
102659
100205
201296
104344
101466
101651
104140
200085
104810
102732
100071
100222
100417
200852
201375
101755
104332
104338
104040
105946
101259
101517
100868
103394
100887
101878
106594
100019
104748
106126
100805
100201
102992
106827
102532
101109
101374
104783
101312
102784
101590
105910
105869
106357
100917
103224
100037
101111
104371
102108
200907
104342
103139
105864
200921
105485
105606
201099
100504
102720
100161
100376
100402
106487
106299
106167
100910
103547
100407
201455
101196
100074
103592
101984
101119
200442
104256
100791
104840
200412
100149
105956
102462
100043
102225
103402
102340
103590
103610
201140
200438
201237
100179
101947
201420
101742
201433
101362
101971
100148
106482
100360
100212
100802
102424
106802
201308
104763
100178
100783
201400
104506
105367
105855
106245
103141
106444
101567
102924
104384
106398
104407
105582
105635
102693
200142
103169
100384
100197
104388
104296
200134
200407
200254
103629
105413
104328
104790
200865
105286
100524
100103
104316
201093
201467
105486
104835
103084
104978
101114
103167
100629
105957
102906
102053
102869
101634
106053
106924
100136
200397
201278
102069
200081
103816
105256
201373
100608
200896
100774
102717
200065
103837
100020
102064
104354
106252
106887
103366
104432
104146
100705
103854
100237
100872
101164
101226
106882
100790
200386
101136
105028
101236
104622
106529
102934
200338
102574
102758
200139
104346
105825
102433
102685
201109
201480
102583
100464
100800
100664
105498
100658
103391
101497
201472
100346
105434
201265
101662
101133
106334
100818
105878
104090
201503
100456
106554
106283
100452
101519
104362
101315
105550
101244
101204
100944
104220
101945
200083
100107
103606
100124
100068
100827
102226
201645
104403
104977
105326
104054
100919
100289
104726
100119
103179
101804
102817
104704
200314
101491
102928
100871
100003
101817
100797
201454
101809
102346
102068
200574
101200
105105
100522
101608
106146
200238
105794
101117
104826
100256
100709
101974
103381
102082
102581
201380
101472
103861
100784
102703
103626
106871
103516
100013
101329
104039
103112
102759
104721
106403
102077
104786
101387
103650
104391
101318
102274
104232
105299
100006
103161
201500
201225
101124
100686
101192
106401
106162
105067
103729
102397
104525
100687
103146
100955
103738
105820
100320
105650
105973
106420
100131
103544
200618
101816
200250
103600
200232
100371
103893
201063
100302
101578
102550
105620
106784
102399
105293
101973
103459
104336
101503
102072
104007
100272
103217
103753
105018
200739
105068
104907
101379
103635
101825
102647
103654
100727
100570
100561
201198
103246
101139
103677
101890
106412
103624
101067
201159
101331
106377
101953
201535
201403
103783
106607
104406
103752
106052
103513
104401
100688
100856
101380
103707
103892
104240
106128
106057
106291
200249
100097
103398
103173
200282
101115
102815
100014
106863
100335
104318
105605
104814
201499
102534
102933
106142
200341
201610
201079
201387
102440
201340
101917
200427
103242
103578
104723
200901
102573
105501
100821
101904
104761
102418
101630
200485
100613
200889
104369
105978
100353
100321
103336
100607
101471
106137
102422
100559
104875
103135
103745
101153
100718
103582
104559
201381
104857
101237
200560
104089
100743
100988
104381
101787
106134
102613
104539
105265
101748
103697
104325
105213
201402
104046
101334
100144
102645
201438
104137
105968
103364
101063
100753
103159
105548
100550
100337
104858
100233
201250
100024
104058
201122
100313
102214
101147
105460
200089
104335
103223
101074
100604
103571
100333
101474
104577
100106
105465
106881
103939
101504
105277
100891
201350
104885
102692
201055
100814
101140
106441
104050
101512
100986
102485
103226
103927
104709
201313
100219
100565
103368
100907
201276
100826
104350
100533
100744
100909
101924
101125
101021
200803
200086
103602
104197
100225
100139
102941
104738
106150
101268
106769
106460
101129
103573
104851
100094
102275
101805
200640
104592
106847
101369
100612
104998
103020
102456
103507
104233
103795
102680
105415
104604
103618
104130
100047
101951
104429
102512
200157
200309
105773
101255
102889
105410
105906
101658
104629
101366
201611
100862
100365
106148
102222
100073
104769
103967
105126
101228
103399
103913
104753
100472
105416
105849
100949
101206
103597
101359
104281
106170
104123
101603
100162
101157
104834
101263
101027
103793
106327
105442
100277
105051
104230
106497
104379
106160
200406
200568
100008
100957
105302
102186
100092
200582
104218
105253
100282
100637
100785
106168
100606
106219
105930
106781
105974
102822
100363
200627
102232
101045
100673
100189
102067
104136
100627
105308
100099
106329
100172
106360
101793
101141
106611
101028
105249
201054
102240
100492
105761
106410
105045
100084
200623
102301
104587
105291
102579
102646
200917
102218
104690
103693
101385
104823
200422
100530
101064
103138
104363
100112
100474
104199
100458
100512
200140
101508
105919
100050
104156
103380
101666
101371
102896
105455
105553
100424
105593
105032
200854
103925
103958
100190
102306
104667
103881
106131
103781
102228
100732
100152
200496
105867
100383
101898
103699
201336
106867
200105
101262
104198
102575
106535
104377
100513
103490
101372
100375
101516
104637
102686
102085
201328
100123
104398
100525
104175
201115
104122
104326
104705
100160
200498
101743
101943
100403
100235
200513
106872
101161
100042
105586
104765
201246
106884
100432
101072
201070
103620
106483
103247
102711
100722
105814
101938
106172
105819
104433
103680
100080
201221
102785
101663
101250
100904
106566
105023
104483
104973
105779
100795
104428
102729
104419
201398
102296
106413
100027
106356
103461
103144
100711
105929
101979
103715
201492
200307
101659
201598
105544
103603
102841
100011
100377
104771
104531
105494
106123
104163
100089
102688
105948
100877
103307
201067
104200
105543
100138
201180
105130
101789
200931
106177
106038
104268
100987
105836
100546
201066
200082
100067
106700
100736
100883
101765
100015
101935
103587
201249
102718
201247
100953
201425
106339
100984
104324
100157
103872
100568
100022
100678
105760
101982
106539
101495
200016
105480
104789
104365
200303
100122
106095
101822
100021
102674
104664
100781
101640
101261
101628
103979
104025
201399
100129
105576
104957
106135
104224
103339
101241
100793
102905
101459
102250
105798
105422
103812
105823
200515
105801
100121
105902
100520
106668
201351
106151
102997
106866
104868
200935
101131
106885
105572
105810
104442
103236
100696
101123
100428
100098
103655
101322
100487
101024
105539
104512
102396
100040
201397
102496
106446
100888
100684
100573
106343
102105
106873
101313
100292
106352
100055
101983
105512
100502
100461
101648
101599
100368
102904
103853
100625
102951
201349
106463
102923
102494
102912
100523
100659
103727
103373
100748
104678
103187
105947
105657
102482
100177
200377
100257
100077
104238
201647
103633
101606
102249
100199
104487
101034
200902
201111
106509
106122
200614
104353
101815
102517
200060
103434
102907
102048
100166
103403
104918
103736
103374
103774
103297
102890
200068
100115
105424
101782
100364
103240
105276
200235
100542
103862
101824
101137
104174
102478
201320
201412
105315
100954
101391
201352
100278
100091
102182
201090
104878
103337
104832
102291
102701
101794
100985
100855
105352
102918
201179
104467
100217
100276
102197
101336
104795
100180
101057
105002
102245
105675
103841
101946
103111
104563
101383
100915
100422
102522
104370
101208
103075
103427
106735
106447
100675
102816
104355
200000
105515
201108
201236
200745
102920
102740
106458
105945
103616
106543
105728
105874
200873
105431
201200
201091
201218
104427
200875
100730
106171
104345
104409
106374
106834
101142
103660
106124
200608
100283
101330
201142
102696
106523
100893
106819
100345
201404
102231
100638
101220
104387
106125
104035
101763
103548
201311
101913
201292
103244
105292
100339
100967
201071
106144
200609
100439
103871
101771
106153
105940
105532
100075
103775
201343
101212
101877
105054
106063
105368
100551
104043
104897
105360
200295
103819
100982
100135
102821
101135
104149
102313
102074
102712
100445
105388
104758
101151
105022
100164
101035
200886
200153
201146
100641
201498
106359
102421
100303
102699
106507
100799
200431
100110
102733
105089
100476
106109
100275
101344
201152
100668
201367
103128
100338
103762
104620
100232
201074
103768
101614
102648
105865
101113
104956
104882
103460
200853
100968
201478
106511
104367
102295
100046
105228
101775
106492
103595
102516
105765
104161
106831
100009
201003
103235
103245
104360
106159
102476
103091
101120
102524
101969
100560
105473
103171
201332
101320
201394
101071
201097
201322
101238
106139
100438
200015
101234
106878
201072
102484
101462
106527
103724
103415
102079
100088
104983
106690
105976
102615
201181
106147
101499
104482
201147
105847
104772
100867
101448
105813
104597
100514
200744
104780
100747
100078
102952
103484
100951
102681
104937
105516
102459
100029
101033
106138
201321
106258
106704
201116
201361
105875
102059
103838
201534
101831
104967
201295
104552
105347
106276
105409
102054
100491
200606
105594
102676
102092
105890
103760
105895
101891
104340
100096
101908
105106
104386
200532
101086
106826
103662
106141
100048
200305
201270
106259
105641
103222
106161
101633
103133
105725
105259
106498
201125
102179
101929
103299
101052
105131
104727
103725
100396
105612
106096
101222
103717
201106
106186
100436
100104
104339
105899
104985
201302
200596
100195
100369
101467
105503
102251
100963
101079
106874
100977
100680
102902
104860
106114
101195
101156
101240
102216
103340
100095
200277
105880
100503
101159
100898
200866
101597
100194
100600
100279
103581
101948
100721
104673
104843
100886
100661
100244
102840
101256
101040
105852
105818
200881
201064
100246
101316
102914
102417
105783
101613
106309
101452
102987
104815
103972
103712
104390
101642
104747
201264
105653
106157
100165
100734
101239
100336
101829
103542
103734
201315
102926
101661
106515
104534
101321
101806
102075
105268
200929
105918
104831
101163
100677
100155
105877
106465
101826
102415
102690
102220
200571
101513
102526
100058
102755
103073
100387
104522
103378
201497
103395
100378
100266
100314
104773
100691
200245
106132
104349
100660
103658
103554
102278
102756
106313
200265
101219
105961
101155
102839
200387
201110
103430
104267
200772
104809
104393
100182
100453
101342
101348
100905
103553
200773
201288
105851
200874
105907
100255
100288
100803
100355
201437
102419
104672
103134
100899
106537
104178
104119
200306
102181
103071
100054
101774
104813
100366
106366
100002
201413
104472
102548
101490
104670
104245
105439
104641
103856
100111
100297
105502
100578
100007
103308
104659
104072
102471
102089
200613
100061
100253
103396
103702
104214
100654
200112
100870
201462
200505
201646
201643
103142
103143
201192
201599
105799
103113
102268
102110
101627
101954
101977
101337
101030
100879
100723
100620
100553
100507
103852
106615
200158
104132
103683
102884
102084
102066
103669
100881
103498
106612
103110
102842
100900
106349
102348
101769
101850
101641
101619
101233
101132
101108
100676
100554
101649
101600
101632
100978
102922
200337
104687
103070
101933
101811
100869
100853
100775
103607
103653
102076
101896
104395
104894
104031
104167
200893
104374
104451
201615
200509
105377
200930
102312
200922
102520
102519
201012
201287
104558
200280
200279
200190
102238
200129